samples size when reported mean != theta (true mean)
show tables of mean difference = (reported mean - theta) columns vs values of d parameter (rows)
ntrials = 1000

votes sampled: N=1000 theta=0.505 
     d, -0.200, -0.100, -0.050, -0.025, -0.010, -0.005,  0.000,  0.005,  0.010,  0.025,  0.050,  0.100,  0.200, 
    10,    959,    955,    955,    956,    953,    944,    939,    946,    951,    945,    945,    944,    955, 
    50,    970,    966,    960,    958,    955,    961,    957,    955,    953,    953,    951,    941,    941, 
   250,    982,    976,    970,    972,    967,    960,    962,    949,    951,    947,    939,    948,    939, 
  1250,    988,    984,    980,    974,    969,    963,    964,    961,    952,    949,    936,    939,    949, 

pct votes sampled: N=1000 theta=0.505 
     d, -0.200, -0.100, -0.050, -0.025, -0.010, -0.005,  0.000,  0.005,  0.010,  0.025,  0.050,  0.100,  0.200, 
    10, 95.924, 95.598, 95.545, 95.657, 95.382, 94.425, 93.975, 94.676, 95.177, 94.509, 94.563, 94.411, 95.503, 
    50, 97.026, 96.648, 96.073, 95.840, 95.519, 96.137, 95.721, 95.523, 95.326, 95.366, 95.116, 94.182, 94.118, 
   250, 98.202, 97.633, 97.051, 97.201, 96.771, 96.099, 96.209, 94.965, 95.126, 94.766, 93.900, 94.803, 93.986, 
  1250, 98.807, 98.410, 98.051, 97.478, 96.914, 96.331, 96.409, 96.166, 95.297, 94.973, 93.633, 93.948, 94.913, 


votes sampled: N=5000 theta=0.505 
     d, -0.200, -0.100, -0.050, -0.025, -0.010, -0.005,  0.000,  0.005,  0.010,  0.025,  0.050,  0.100,  0.200, 
    10,   4387,   4383,   4446,   4375,   4427,   4433,   4472,   4379,   4377,   4437,   4361,   4463,   4485, 
    50,   4449,   4390,   4444,   4359,   4407,   4417,   4382,   4331,   4361,   4378,   4386,   4396,   4607, 
   250,   4613,   4527,   4498,   4416,   4387,   4438,   4347,   4346,   4301,   4309,   4370,   4541,   4607, 
  1250,   4789,   4704,   4610,   4546,   4480,   4414,   4414,   4354,   4329,   4314,   4415,   4604,   4740, 

pct votes sampled: N=5000 theta=0.505 
     d, -0.200, -0.100, -0.050, -0.025, -0.010, -0.005,  0.000,  0.005,  0.010,  0.025,  0.050,  0.100,  0.200, 
    10, 87.743, 87.679, 88.926, 87.514, 88.549, 88.671, 89.445, 87.599, 87.557, 88.745, 87.226, 89.269, 89.719, 
    50, 88.994, 87.814, 88.885, 87.198, 88.149, 88.360, 87.659, 86.632, 87.234, 87.575, 87.732, 87.936, 92.144, 
   250, 92.272, 90.548, 89.971, 88.331, 87.757, 88.768, 86.946, 86.939, 86.023, 86.196, 87.418, 90.840, 92.144, 
  1250, 95.781, 94.092, 92.206, 90.927, 89.606, 88.295, 88.290, 87.084, 86.598, 86.282, 88.306, 92.094, 94.819, 


votes sampled: N=10000 theta=0.505 
     d, -0.200, -0.100, -0.050, -0.025, -0.010, -0.005,  0.000,  0.005,  0.010,  0.025,  0.050,  0.100,  0.200, 
    10,   8247,   8119,   8218,   8278,   8223,   8200,   8269,   8267,   8205,   8141,   8295,   8377,   8665, 
    50,   8219,   8187,   8147,   8208,   8038,   8162,   7995,   8235,   8146,   8112,   8239,   8391,   8900, 
   250,   8689,   8369,   8285,   8056,   8055,   8079,   7931,   8052,   8059,   8057,   8153,   8811,   9227, 
  1250,   9242,   8941,   8649,   8418,   8217,   8100,   8136,   7971,   7918,   8032,   8579,   9138,   9420, 

pct votes sampled: N=10000 theta=0.505 
     d, -0.200, -0.100, -0.050, -0.025, -0.010, -0.005,  0.000,  0.005,  0.010,  0.025,  0.050,  0.100,  0.200, 
    10, 82.479, 81.195, 82.188, 82.782, 82.232, 82.007, 82.695, 82.678, 82.054, 81.415, 82.954, 83.771, 86.651, 
    50, 82.192, 81.879, 81.480, 82.081, 80.383, 81.624, 79.957, 82.360, 81.464, 81.125, 82.390, 83.910, 89.000, 
   250, 86.890, 83.697, 82.851, 80.561, 80.550, 80.798, 79.314, 80.529, 80.597, 80.577, 81.539, 88.120, 92.277, 
  1250, 92.421, 89.411, 86.494, 84.189, 82.176, 81.003, 81.369, 79.719, 79.190, 80.325, 85.793, 91.380, 94.203, 


votes sampled: N=20000 theta=0.505 
     d, -0.200, -0.100, -0.050, -0.025, -0.010, -0.005,  0.000,  0.005,  0.010,  0.025,  0.050,  0.100,  0.200, 
    10,  14382,  14706,  14569,  14779,  14688,  14748,  14932,  14888,  15065,  14607,  14761,  15174,  15918, 
    50,  14474,  14523,  14452,  14701,  14485,  14612,  14549,  14348,  14504,  14611,  14697,  15746,  17036, 
   250,  15469,  14760,  14536,  14346,  14213,  14273,  14261,  14482,  14327,  14398,  14996,  16772,  18375, 
  1250,  17305,  16320,  15473,  14926,  14421,  14123,  14170,  13939,  13761,  14317,  16084,  17961,  18446, 

pct votes sampled: N=20000 theta=0.505 
     d, -0.200, -0.100, -0.050, -0.025, -0.010, -0.005,  0.000,  0.005,  0.010,  0.025,  0.050,  0.100,  0.200, 
    10, 71.914, 73.530, 72.849, 73.896, 73.442, 73.745, 74.661, 74.443, 75.328, 73.038, 73.807, 75.874, 79.590, 
    50, 72.371, 72.617, 72.261, 73.509, 72.428, 73.064, 72.748, 71.744, 72.524, 73.056, 73.487, 78.735, 85.183, 
   250, 77.347, 73.802, 72.685, 71.732, 71.070, 71.366, 71.306, 72.413, 71.637, 71.993, 74.980, 83.863, 91.880, 
  1250, 86.528, 81.602, 77.368, 74.635, 72.108, 70.618, 70.852, 69.698, 68.806, 71.590, 80.425, 89.808, 92.235, 


votes sampled: N=50000 theta=0.505 
     d, -0.200, -0.100, -0.050, -0.025, -0.010, -0.005,  0.000,  0.005,  0.010,  0.025,  0.050,  0.100,  0.200, 
    10,  28325,  28710,  29372,  29027,  29032,  29453,  29239,  29263,  29465,  30171,  29146,  30488,  32062, 
    50,  28073,  27784,  28040,  28332,  28156,  27940,  28050,  28223,  28364,  28260,  29886,  30930,  36486, 
   250,  29571,  28668,  27444,  27266,  26668,  27843,  27855,  27623,  27330,  27933,  30345,  35985,  43288, 
  1250,  36209,  32568,  30154,  28389,  27319,  26875,  26265,  26664,  26416,  28093,  34666,  42914,  46266, 

pct votes sampled: N=50000 theta=0.505 
     d, -0.200, -0.100, -0.050, -0.025, -0.010, -0.005,  0.000,  0.005,  0.010,  0.025,  0.050,  0.100,  0.200, 
    10, 56.651, 57.421, 58.744, 58.054, 58.064, 58.906, 58.479, 58.528, 58.931, 60.343, 58.292, 60.978, 64.125, 
    50, 56.147, 55.569, 56.081, 56.664, 56.313, 55.882, 56.102, 56.447, 56.728, 56.520, 59.773, 61.860, 72.974, 
   250, 59.142, 57.337, 54.889, 54.534, 53.337, 55.688, 55.712, 55.248, 54.662, 55.867, 60.692, 71.970, 86.576, 
  1250, 72.420, 65.136, 60.309, 56.779, 54.638, 53.750, 52.531, 53.329, 52.833, 56.186, 69.334, 85.829, 92.532, 


votes sampled: N=1000 theta=0.51 
     d, -0.200, -0.100, -0.050, -0.025, -0.010, -0.005,  0.000,  0.005,  0.010,  0.025,  0.050,  0.100,  0.200, 
    10,    901,    903,    906,    906,    900,    892,    902,    891,    897,    884,    889,    894,    911, 
    50,    917,    914,    904,    899,    892,    889,    890,    894,    894,    893,    897,    886,    914, 
   250,    946,    937,    924,    907,    901,    902,    894,    888,    893,    892,    875,    909,    928, 
  1250,    967,    953,    940,    929,    916,    904,    903,    892,    892,    859,    876,    914,    932, 

pct votes sampled: N=1000 theta=0.51 
     d, -0.200, -0.100, -0.050, -0.025, -0.010, -0.005,  0.000,  0.005,  0.010,  0.025,  0.050,  0.100,  0.200, 
    10, 90.160, 90.318, 90.611, 90.646, 90.070, 89.277, 90.244, 89.109, 89.708, 88.455, 88.953, 89.436, 91.195, 
    50, 91.754, 91.498, 90.407, 89.983, 89.283, 88.933, 89.060, 89.490, 89.496, 89.332, 89.780, 88.647, 91.431, 
   250, 94.663, 93.731, 92.496, 90.763, 90.163, 90.217, 89.489, 88.854, 89.338, 89.295, 87.513, 90.905, 92.874, 
  1250, 96.761, 95.331, 94.090, 92.909, 91.675, 90.484, 90.389, 89.247, 89.245, 85.964, 87.676, 91.452, 93.209, 


votes sampled: N=5000 theta=0.51 
     d, -0.200, -0.100, -0.050, -0.025, -0.010, -0.005,  0.000,  0.005,  0.010,  0.025,  0.050,  0.100,  0.200, 
    10,   3614,   3636,   3693,   3719,   3733,   3682,   3612,   3664,   3651,   3688,   3712,   3679,   3821, 
    50,   3701,   3610,   3570,   3593,   3599,   3586,   3529,   3558,   3623,   3578,   3618,   3759,   4149, 
   250,   4007,   3790,   3671,   3618,   3600,   3566,   3581,   3578,   3488,   3448,   3607,   4042,   4531, 
  1250,   4487,   4259,   4000,   3806,   3609,   3606,   3444,   3466,   3416,   3391,   3758,   4397,   4627, 

pct votes sampled: N=5000 theta=0.51 
     d, -0.200, -0.100, -0.050, -0.025, -0.010, -0.005,  0.000,  0.005,  0.010,  0.025,  0.050,  0.100,  0.200, 
    10, 72.286, 72.739, 73.875, 74.395, 74.676, 73.653, 72.241, 73.297, 73.033, 73.766, 74.251, 73.596, 76.424, 
    50, 74.033, 72.210, 71.410, 71.867, 71.994, 71.723, 70.594, 71.177, 72.479, 71.566, 72.366, 75.197, 82.987, 
   250, 80.151, 75.803, 73.423, 72.371, 72.016, 71.335, 71.626, 71.579, 69.764, 68.977, 72.159, 80.857, 90.631, 
  1250, 89.751, 85.181, 80.013, 76.135, 72.190, 72.138, 68.885, 69.330, 68.329, 67.822, 75.169, 87.958, 92.549, 


votes sampled: N=10000 theta=0.51 
     d, -0.200, -0.100, -0.050, -0.025, -0.010, -0.005,  0.000,  0.005,  0.010,  0.025,  0.050,  0.100,  0.200, 
    10,   5909,   6053,   6092,   6129,   6249,   6267,   6169,   6156,   6212,   6125,   6295,   6345,   6781, 
    50,   6083,   5841,   5953,   6004,   5850,   5875,   5943,   6012,   6106,   5863,   6032,   6428,   7477, 
   250,   6830,   6427,   6129,   5895,   5793,   5912,   5828,   5771,   5652,   5741,   6233,   7163,   8597, 
  1250,   8248,   7576,   6861,   6325,   5908,   5758,   5703,   5603,   5559,   5807,   6908,   8371,   9259, 

pct votes sampled: N=10000 theta=0.51 
     d, -0.200, -0.100, -0.050, -0.025, -0.010, -0.005,  0.000,  0.005,  0.010,  0.025,  0.050,  0.100,  0.200, 
    10, 59.099, 60.536, 60.922, 61.299, 62.491, 62.671, 61.695, 61.566, 62.126, 61.255, 62.951, 63.455, 67.811, 
    50, 60.840, 58.413, 59.535, 60.043, 58.503, 58.757, 59.439, 60.127, 61.062, 58.633, 60.327, 64.282, 74.779, 
   250, 68.302, 64.272, 61.295, 58.951, 57.939, 59.124, 58.288, 57.714, 56.520, 57.416, 62.333, 71.637, 85.974, 
  1250, 82.486, 75.768, 68.614, 63.256, 59.086, 57.587, 57.040, 56.033, 55.599, 58.076, 69.085, 83.712, 92.593, 


votes sampled: N=20000 theta=0.51 
     d, -0.200, -0.100, -0.050, -0.025, -0.010, -0.005,  0.000,  0.005,  0.010,  0.025,  0.050,  0.100,  0.200, 
    10,   9140,   9384,   9476,   9389,   9459,   9340,   9479,   9622,   9330,   9549,   9391,   9965,  10794, 
    50,   9046,   9002,   8832,   8914,   9036,   8910,   9364,   8884,   9107,   9150,   9413,  10253,  12612, 
   250,  10720,   9550,   9111,   8763,   8616,   8775,   8712,   8751,   8553,   8777,   9605,  12279,  16059, 
  1250,  14199,  12362,  10781,   9627,   9050,   8420,   8285,   7914,   8314,   8615,  11525,  15725,  18076, 

pct votes sampled: N=20000 theta=0.51 
     d, -0.200, -0.100, -0.050, -0.025, -0.010, -0.005,  0.000,  0.005,  0.010,  0.025,  0.050,  0.100,  0.200, 
    10, 45.702, 46.924, 47.381, 46.945, 47.298, 46.703, 47.398, 48.110, 46.655, 47.746, 46.959, 49.830, 53.972, 
    50, 45.232, 45.010, 44.163, 44.572, 45.184, 44.552, 46.820, 44.421, 45.537, 45.755, 47.068, 51.270, 63.065, 
   250, 53.605, 47.753, 45.558, 43.818, 43.082, 43.876, 43.563, 43.756, 42.765, 43.889, 48.027, 61.395, 80.299, 
  1250, 70.996, 61.815, 53.907, 48.137, 45.253, 42.104, 41.426, 39.575, 41.574, 43.080, 57.628, 78.630, 90.381, 


votes sampled: N=50000 theta=0.51 
     d, -0.200, -0.100, -0.050, -0.025, -0.010, -0.005,  0.000,  0.005,  0.010,  0.025,  0.050,  0.100,  0.200, 
    10,  14027,  14498,  14346,  14504,  14561,  14601,  14666,  14540,  15039,  14795,  15037,  15254,  16953, 
    50,  13435,  13588,  13365,  13344,  13647,  13843,  14044,  13702,  13912,  14257,  14562,  16155,  21874, 
   250,  15978,  14585,  13710,  13075,  12819,  13006,  12865,  12997,  12872,  13476,  15235,  21311,  33812, 
  1250,  25299,  20249,  16791,  14538,  12826,  12419,  12426,  11834,  11971,  13604,  19623,  33399,  43412, 

pct votes sampled: N=50000 theta=0.51 
     d, -0.200, -0.100, -0.050, -0.025, -0.010, -0.005,  0.000,  0.005,  0.010,  0.025,  0.050,  0.100,  0.200, 
    10, 28.054, 28.996, 28.693, 29.010, 29.122, 29.204, 29.333, 29.081, 30.079, 29.591, 30.076, 30.509, 33.907, 
    50, 26.871, 27.178, 26.732, 26.688, 27.296, 27.688, 28.090, 27.406, 27.825, 28.516, 29.125, 32.310, 43.750, 
   250, 31.957, 29.170, 27.420, 26.152, 25.638, 26.014, 25.732, 25.995, 25.745, 26.953, 30.470, 42.623, 67.625, 
  1250, 50.599, 40.500, 33.583, 29.076, 25.654, 24.840, 24.852, 23.669, 23.943, 27.210, 39.246, 66.800, 86.824, 


votes sampled: N=1000 theta=0.52 
     d, -0.200, -0.100, -0.050, -0.025, -0.010, -0.005,  0.000,  0.005,  0.010,  0.025,  0.050,  0.100,  0.200, 
    10,    751,    758,    746,    747,    754,    757,    742,    747,    763,    746,    752,    766,    767, 
    50,    781,    774,    768,    750,    743,    751,    744,    721,    758,    740,    739,    768,    808, 
   250,    863,    824,    794,    762,    753,    748,    737,    730,    724,    725,    721,    763,    894, 
  1250,    918,    876,    840,    792,    755,    739,    729,    727,    719,    702,    740,    823,    888, 

pct votes sampled: N=1000 theta=0.52 
     d, -0.200, -0.100, -0.050, -0.025, -0.010, -0.005,  0.000,  0.005,  0.010,  0.025,  0.050,  0.100,  0.200, 
    10, 75.191, 75.843, 74.659, 74.775, 75.461, 75.726, 74.289, 74.716, 76.309, 74.636, 75.264, 76.627, 76.776, 
    50, 78.121, 77.412, 76.832, 75.060, 74.309, 75.129, 74.458, 72.135, 75.860, 74.099, 73.987, 76.850, 80.874, 
   250, 86.322, 82.476, 79.437, 76.224, 75.345, 74.870, 73.779, 73.006, 72.469, 72.546, 72.118, 76.349, 89.422, 
  1250, 91.820, 87.619, 84.008, 79.216, 75.531, 73.975, 72.930, 72.762, 71.904, 70.286, 74.058, 82.349, 88.900, 


votes sampled: N=5000 theta=0.52 
     d, -0.200, -0.100, -0.050, -0.025, -0.010, -0.005,  0.000,  0.005,  0.010,  0.025,  0.050,  0.100,  0.200, 
    10,   2229,   2331,   2349,   2344,   2319,   2244,   2229,   2256,   2350,   2334,   2349,   2398,   2540, 
    50,   2332,   2311,   2216,   2158,   2200,   2164,   2187,   2212,   2196,   2284,   2212,   2361,   2984, 
   250,   2988,   2623,   2344,   2269,   2122,   2105,   2096,   2066,   2047,   2138,   2191,   2734,   3867, 
  1250,   3861,   3377,   2856,   2495,   2147,   2029,   1989,   1999,   1958,   2019,   2423,   3603,   4376, 

pct votes sampled: N=5000 theta=0.52 
     d, -0.200, -0.100, -0.050, -0.025, -0.010, -0.005,  0.000,  0.005,  0.010,  0.025,  0.050,  0.100,  0.200, 
    10, 44.584, 46.624, 46.981, 46.892, 46.384, 44.890, 44.593, 45.129, 47.018, 46.691, 46.994, 47.968, 50.811, 
    50, 46.644, 46.226, 44.324, 43.175, 44.015, 43.294, 43.756, 44.256, 43.924, 45.699, 44.260, 47.222, 59.694, 
   250, 59.769, 52.463, 46.896, 45.381, 42.445, 42.105, 41.927, 41.328, 40.942, 42.760, 43.835, 54.682, 77.353, 
  1250, 77.225, 67.544, 57.126, 49.911, 42.941, 40.592, 39.788, 39.988, 39.172, 40.386, 48.480, 72.061, 87.536, 


votes sampled: N=10000 theta=0.52 
     d, -0.200, -0.100, -0.050, -0.025, -0.010, -0.005,  0.000,  0.005,  0.010,  0.025,  0.050,  0.100,  0.200, 
    10,   3094,   3038,   3176,   3239,   3208,   3150,   3185,   3228,   3161,   3257,   3270,   3276,   3685, 
    50,   3275,   3075,   2997,   2951,   2979,   3120,   2989,   3053,   3042,   3003,   3203,   3463,   4528, 
   250,   4325,   3661,   3209,   3011,   2948,   2868,   2812,   2765,   2847,   2803,   3081,   4275,   6967, 
  1250,   6475,   5309,   4192,   3400,   2923,   2738,   2692,   2558,   2501,   2683,   3646,   6381,   8508, 

pct votes sampled: N=10000 theta=0.52 
     d, -0.200, -0.100, -0.050, -0.025, -0.010, -0.005,  0.000,  0.005,  0.010,  0.025,  0.050,  0.100,  0.200, 
    10, 30.942, 30.390, 31.767, 32.390, 32.089, 31.501, 31.856, 32.281, 31.619, 32.578, 32.709, 32.769, 36.860, 
    50, 32.759, 30.752, 29.977, 29.513, 29.794, 31.203, 29.899, 30.531, 30.423, 30.039, 32.034, 34.632, 45.289, 
   250, 43.260, 36.619, 32.098, 30.112, 29.483, 28.680, 28.121, 27.656, 28.470, 28.039, 30.813, 42.757, 69.671, 
  1250, 64.751, 53.094, 41.925, 34.006, 29.231, 27.382, 26.925, 25.581, 25.020, 26.837, 36.461, 63.813, 85.087, 


votes sampled: N=20000 theta=0.52 
     d, -0.200, -0.100, -0.050, -0.025, -0.010, -0.005,  0.000,  0.005,  0.010,  0.025,  0.050,  0.100,  0.200, 
    10,   3790,   3993,   3942,   4147,   3984,   4048,   4134,   4091,   3935,   3974,   4073,   4221,   4900, 
    50,   4076,   3838,   3843,   3721,   3806,   3871,   3695,   3788,   3815,   3876,   3902,   4424,   6199, 
   250,   5662,   4664,   4006,   3729,   3443,   3545,   3486,   3409,   3505,   3590,   3904,   5787,  11061, 
  1250,   9780,   7430,   5532,   4245,   3540,   3449,   3232,   3068,   3217,   3641,   5062,  10271,  15679, 

pct votes sampled: N=20000 theta=0.52 
     d, -0.200, -0.100, -0.050, -0.025, -0.010, -0.005,  0.000,  0.005,  0.010,  0.025,  0.050,  0.100,  0.200, 
    10, 18.953, 19.965, 19.713, 20.740, 19.924, 20.242, 20.674, 20.459, 19.680, 19.874, 20.369, 21.107, 24.501, 
    50, 20.385, 19.195, 19.216, 18.606, 19.035, 19.358, 18.475, 18.942, 19.078, 19.384, 19.510, 22.122, 30.999, 
   250, 28.311, 23.325, 20.031, 18.646, 17.217, 17.727, 17.435, 17.049, 17.528, 17.953, 19.521, 28.940, 55.308, 
  1250, 48.903, 37.155, 27.664, 21.229, 17.705, 17.246, 16.165, 15.343, 16.086, 18.206, 25.312, 51.357, 78.400, 


votes sampled: N=50000 theta=0.52 
     d, -0.200, -0.100, -0.050, -0.025, -0.010, -0.005,  0.000,  0.005,  0.010,  0.025,  0.050,  0.100,  0.200, 
    10,   4678,   4605,   4782,   4748,   4927,   4994,   4920,   4994,   5030,   4917,   5268,   5113,   5971, 
    50,   4854,   4614,   4403,   4411,   4371,   4344,   4484,   4503,   4400,   4624,   4812,   5494,   8286, 
   250,   6955,   5573,   4734,   4607,   4241,   4187,   4010,   4135,   4056,   4221,   4817,   7556,  17181, 
  1250,  14389,   9687,   6915,   5170,   4151,   3944,   3708,   3709,   3691,   4370,   6668,  17687,  33761, 

pct votes sampled: N=50000 theta=0.52 
     d, -0.200, -0.100, -0.050, -0.025, -0.010, -0.005,  0.000,  0.005,  0.010,  0.025,  0.050,  0.100,  0.200, 
    10,  9.357,  9.210,  9.565,  9.497,  9.855,  9.988,  9.841,  9.989, 10.061,  9.836, 10.536, 10.228, 11.944, 
    50,  9.709,  9.229,  8.807,  8.822,  8.743,  8.689,  8.968,  9.007,  8.800,  9.249,  9.624, 10.990, 16.573, 
   250, 13.911, 11.147,  9.469,  9.215,  8.483,  8.375,  8.020,  8.270,  8.113,  8.443,  9.635, 15.114, 34.362, 
  1250, 28.779, 19.374, 13.830, 10.341,  8.302,  7.888,  7.416,  7.419,  7.383,  8.740, 13.337, 35.376, 67.523, 


votes sampled: N=1000 theta=0.53 
     d, -0.200, -0.100, -0.050, -0.025, -0.010, -0.005,  0.000,  0.005,  0.010,  0.025,  0.050,  0.100,  0.200, 
    10,    612,    613,    616,    608,    612,    621,    607,    608,    620,    605,    599,    623,    648, 
    50,    670,    640,    629,    608,    602,    594,    592,    591,    599,    591,    579,    597,    715, 
   250,    775,    708,    659,    617,    600,    578,    581,    576,    575,    566,    568,    641,    822, 
  1250,    865,    791,    715,    639,    598,    581,    563,    564,    552,    542,    569,    695,    849, 

pct votes sampled: N=1000 theta=0.53 
     d, -0.200, -0.100, -0.050, -0.025, -0.010, -0.005,  0.000,  0.005,  0.010,  0.025,  0.050,  0.100,  0.200, 
    10, 61.282, 61.344, 61.630, 60.862, 61.210, 62.145, 60.769, 60.815, 62.029, 60.538, 59.978, 62.369, 64.874, 
    50, 67.002, 64.003, 62.961, 60.808, 60.202, 59.488, 59.268, 59.102, 59.934, 59.103, 57.985, 59.790, 71.538, 
   250, 77.570, 70.889, 65.915, 61.769, 60.073, 57.848, 58.175, 57.601, 57.533, 56.650, 56.815, 64.124, 82.255, 
  1250, 86.503, 79.191, 71.516, 63.987, 59.815, 58.193, 56.358, 56.409, 55.260, 54.279, 56.965, 69.561, 84.908, 


votes sampled: N=5000 theta=0.53 
     d, -0.200, -0.100, -0.050, -0.025, -0.010, -0.005,  0.000,  0.005,  0.010,  0.025,  0.050,  0.100,  0.200, 
    10,   1464,   1425,   1470,   1455,   1443,   1470,   1471,   1438,   1441,   1443,   1469,   1497,   1669, 
    50,   1616,   1507,   1415,   1335,   1401,   1382,   1331,   1326,   1373,   1369,   1371,   1549,   2060, 
   250,   2239,   1791,   1547,   1359,   1354,   1281,   1264,   1238,   1271,   1238,   1376,   1894,   3199, 
  1250,   3320,   2647,   2031,   1542,   1281,   1232,   1174,   1161,   1183,   1224,   1540,   2772,   4030, 

pct votes sampled: N=5000 theta=0.53 
     d, -0.200, -0.100, -0.050, -0.025, -0.010, -0.005,  0.000,  0.005,  0.010,  0.025,  0.050,  0.100,  0.200, 
    10, 29.291, 28.500, 29.415, 29.108, 28.866, 29.403, 29.424, 28.772, 28.828, 28.877, 29.381, 29.950, 33.398, 
    50, 32.331, 30.147, 28.307, 26.707, 28.020, 27.646, 26.636, 26.533, 27.479, 27.385, 27.432, 30.995, 41.201, 
   250, 44.788, 35.831, 30.949, 27.187, 27.081, 25.637, 25.293, 24.769, 25.425, 24.764, 27.526, 37.890, 63.985, 
  1250, 66.415, 52.958, 40.639, 30.860, 25.628, 24.646, 23.487, 23.224, 23.676, 24.484, 30.809, 55.441, 80.610, 


votes sampled: N=10000 theta=0.53 
     d, -0.200, -0.100, -0.050, -0.025, -0.010, -0.005,  0.000,  0.005,  0.010,  0.025,  0.050,  0.100,  0.200, 
    10,   1748,   1814,   1806,   1741,   1821,   1808,   1842,   1799,   1812,   1803,   1869,   1949,   2136, 
    50,   1994,   1754,   1745,   1665,   1670,   1630,   1666,   1657,   1679,   1635,   1724,   1884,   2751, 
   250,   2939,   2276,   1962,   1703,   1572,   1579,   1571,   1528,   1476,   1526,   1695,   2424,   5042, 
  1250,   5178,   3818,   2611,   1890,   1519,   1414,   1392,   1402,   1442,   1509,   2087,   4303,   7572, 

pct votes sampled: N=10000 theta=0.53 
     d, -0.200, -0.100, -0.050, -0.025, -0.010, -0.005,  0.000,  0.005,  0.010,  0.025,  0.050,  0.100,  0.200, 
    10, 17.487, 18.146, 18.070, 17.416, 18.213, 18.081, 18.428, 17.995, 18.121, 18.040, 18.696, 19.494, 21.363, 
    50, 19.945, 17.545, 17.452, 16.656, 16.702, 16.303, 16.665, 16.574, 16.792, 16.357, 17.248, 18.847, 27.515, 
   250, 29.394, 22.767, 19.629, 17.032, 15.724, 15.800, 15.715, 15.289, 14.770, 15.269, 16.958, 24.248, 50.426, 
  1250, 51.781, 38.187, 26.118, 18.909, 15.198, 14.148, 13.921, 14.024, 14.424, 15.094, 20.878, 43.037, 75.721, 


votes sampled: N=20000 theta=0.53 
     d, -0.200, -0.100, -0.050, -0.025, -0.010, -0.005,  0.000,  0.005,  0.010,  0.025,  0.050,  0.100,  0.200, 
    10,   2036,   1972,   1967,   2084,   2094,   1962,   2038,   2084,   2020,   2044,   2140,   2119,   2522, 
    50,   2235,   2024,   1930,   1930,   1860,   1897,   1929,   1891,   1906,   1926,   2002,   2220,   3407, 
   250,   3498,   2665,   2126,   1868,   1780,   1673,   1727,   1784,   1669,   1679,   1842,   2902,   7223, 
  1250,   7185,   4878,   3199,   2140,   1731,   1605,   1636,   1554,   1538,   1703,   2554,   6370,  13151, 

pct votes sampled: N=20000 theta=0.53 
     d, -0.200, -0.100, -0.050, -0.025, -0.010, -0.005,  0.000,  0.005,  0.010,  0.025,  0.050,  0.100,  0.200, 
    10, 10.183,  9.863,  9.838, 10.420, 10.471,  9.812, 10.190, 10.423, 10.102, 10.223, 10.705, 10.598, 12.615, 
    50, 11.178, 10.125,  9.651,  9.651,  9.303,  9.488,  9.650,  9.459,  9.532,  9.634, 10.015, 11.101, 17.035, 
   250, 17.493, 13.329, 10.633,  9.341,  8.904,  8.370,  8.636,  8.921,  8.346,  8.399,  9.213, 14.512, 36.116, 
  1250, 35.927, 24.393, 15.996, 10.701,  8.659,  8.026,  8.185,  7.773,  7.694,  8.519, 12.770, 31.854, 65.757, 


votes sampled: N=50000 theta=0.53 
     d, -0.200, -0.100, -0.050, -0.025, -0.010, -0.005,  0.000,  0.005,  0.010,  0.025,  0.050,  0.100,  0.200, 
    10,   2256,   2277,   2285,   2244,   2354,   2247,   2274,   2278,   2229,   2277,   2371,   2380,   2770, 
    50,   2431,   2151,   2117,   2081,   2092,   2024,   2162,   2039,   2128,   2133,   2225,   2395,   3973, 
   250,   3928,   2863,   2362,   2034,   1927,   1881,   1777,   1876,   1863,   1857,   2207,   3442,   9519, 
  1250,   9318,   5875,   3629,   2353,   1838,   1717,   1674,   1681,   1605,   1935,   3031,   8926,  24263, 

pct votes sampled: N=50000 theta=0.53 
     d, -0.200, -0.100, -0.050, -0.025, -0.010, -0.005,  0.000,  0.005,  0.010,  0.025,  0.050,  0.100,  0.200, 
    10,  4.512,  4.556,  4.570,  4.489,  4.710,  4.496,  4.549,  4.556,  4.458,  4.556,  4.742,  4.762,  5.541, 
    50,  4.863,  4.302,  4.234,  4.163,  4.186,  4.049,  4.325,  4.080,  4.256,  4.268,  4.451,  4.790,  7.948, 
   250,  7.857,  5.727,  4.725,  4.069,  3.854,  3.764,  3.555,  3.752,  3.727,  3.715,  4.416,  6.885, 19.039, 
  1250, 18.636, 11.750,  7.258,  4.706,  3.677,  3.434,  3.349,  3.363,  3.211,  3.872,  6.063, 17.854, 48.527, 


votes sampled: N=1000 theta=0.54 
     d, -0.200, -0.100, -0.050, -0.025, -0.010, -0.005,  0.000,  0.005,  0.010,  0.025,  0.050,  0.100,  0.200, 
    10,    505,    506,    487,    497,    496,    492,    489,    494,    497,    492,    490,    485,    531, 
    50,    558,    521,    493,    483,    482,    463,    467,    466,    470,    465,    463,    482,    595, 
   250,    691,    606,    536,    484,    466,    465,    462,    448,    443,    436,    449,    528,    758, 
  1250,    808,    710,    596,    502,    468,    453,    440,    433,    431,    434,    460,    582,    813, 

pct votes sampled: N=1000 theta=0.54 
     d, -0.200, -0.100, -0.050, -0.025, -0.010, -0.005,  0.000,  0.005,  0.010,  0.025,  0.050,  0.100,  0.200, 
    10, 50.516, 50.619, 48.720, 49.799, 49.636, 49.227, 48.997, 49.494, 49.785, 49.255, 49.070, 48.551, 53.199, 
    50, 55.860, 52.140, 49.378, 48.319, 48.289, 46.309, 46.796, 46.674, 47.061, 46.592, 46.316, 48.264, 59.522, 
   250, 69.110, 60.672, 53.617, 48.439, 46.630, 46.509, 46.207, 44.885, 44.369, 43.624, 44.982, 52.891, 75.897, 
  1250, 80.878, 71.015, 59.638, 50.289, 46.873, 45.394, 44.055, 43.337, 43.195, 43.420, 46.037, 58.259, 81.380, 


votes sampled: N=5000 theta=0.54 
     d, -0.200, -0.100, -0.050, -0.025, -0.010, -0.005,  0.000,  0.005,  0.010,  0.025,  0.050,  0.100,  0.200, 
    10,    950,    959,    960,    915,    964,    912,    960,    943,    965,    992,    960,   1013,   1136, 
    50,   1087,    977,    925,    907,    895,    911,    906,    874,    887,    912,    878,    990,   1403, 
   250,   1720,   1308,   1065,    894,    848,    819,    825,    804,    832,    783,    886,   1218,   2508, 
  1250,   2859,   2090,   1408,    944,    805,    760,    781,    765,    741,    767,   1000,   2007,   3648, 

pct votes sampled: N=5000 theta=0.54 
     d, -0.200, -0.100, -0.050, -0.025, -0.010, -0.005,  0.000,  0.005,  0.010,  0.025,  0.050,  0.100,  0.200, 
    10, 19.006, 19.183, 19.212, 18.301, 19.289, 18.242, 19.218, 18.869, 19.309, 19.844, 19.215, 20.278, 22.728, 
    50, 21.745, 19.556, 18.514, 18.145, 17.918, 18.220, 18.139, 17.493, 17.741, 18.247, 17.579, 19.805, 28.068, 
   250, 34.407, 26.164, 21.317, 17.885, 16.970, 16.386, 16.502, 16.082, 16.646, 15.663, 17.738, 24.376, 50.176, 
  1250, 57.197, 41.802, 28.164, 18.884, 16.106, 15.208, 15.627, 15.301, 14.828, 15.348, 20.003, 40.146, 72.971, 


votes sampled: N=10000 theta=0.54 
     d, -0.200, -0.100, -0.050, -0.025, -0.010, -0.005,  0.000,  0.005,  0.010,  0.025,  0.050,  0.100,  0.200, 
    10,   1076,   1083,   1052,   1136,   1074,   1115,   1157,   1107,   1106,   1081,   1111,   1174,   1303, 
    50,   1277,   1099,   1030,   1050,   1017,   1006,    988,    997,   1035,   1013,   1006,   1178,   1788, 
   250,   2104,   1524,   1235,   1047,    928,    972,    925,    941,    894,    889,    998,   1514,   3726, 
  1250,   4190,   2788,   1737,   1103,    906,    853,    865,    853,    815,    928,   1180,   2903,   6568, 

pct votes sampled: N=10000 theta=0.54 
     d, -0.200, -0.100, -0.050, -0.025, -0.010, -0.005,  0.000,  0.005,  0.010,  0.025,  0.050,  0.100,  0.200, 
    10, 10.767, 10.836, 10.528, 11.361, 10.746, 11.158, 11.573, 11.071, 11.063, 10.812, 11.114, 11.748, 13.030, 
    50, 12.771, 10.998, 10.304, 10.505, 10.175, 10.063,  9.881,  9.980, 10.352, 10.136, 10.066, 11.781, 17.888, 
   250, 21.047, 15.247, 12.351, 10.479,  9.284,  9.729,  9.257,  9.419,  8.950,  8.895,  9.987, 15.140, 37.261, 
  1250, 41.906, 27.883, 17.374, 11.040,  9.064,  8.534,  8.660,  8.530,  8.155,  9.286, 11.801, 29.035, 65.683, 


votes sampled: N=20000 theta=0.54 
     d, -0.200, -0.100, -0.050, -0.025, -0.010, -0.005,  0.000,  0.005,  0.010,  0.025,  0.050,  0.100,  0.200, 
    10,   1220,   1216,   1208,   1161,   1191,   1179,   1246,   1208,   1193,   1216,   1230,   1243,   1470, 
    50,   1415,   1249,   1143,   1139,   1085,   1086,   1100,   1105,   1108,   1094,   1094,   1258,   1995, 
   250,   2482,   1713,   1301,   1095,    992,   1042,   1004,   1021,    975,    998,   1159,   1763,   4724, 
  1250,   5498,   3405,   1916,   1194,    977,    959,    921,    924,    908,   1009,   1351,   3838,  10883, 

pct votes sampled: N=20000 theta=0.54 
     d, -0.200, -0.100, -0.050, -0.025, -0.010, -0.005,  0.000,  0.005,  0.010,  0.025,  0.050,  0.100,  0.200, 
    10,  6.101,  6.081,  6.041,  5.809,  5.957,  5.896,  6.231,  6.042,  5.966,  6.082,  6.150,  6.218,  7.352, 
    50,  7.077,  6.246,  5.717,  5.695,  5.427,  5.431,  5.503,  5.526,  5.542,  5.474,  5.472,  6.292,  9.979, 
   250, 12.411,  8.569,  6.508,  5.477,  4.960,  5.211,  5.023,  5.106,  4.877,  4.991,  5.796,  8.817, 23.621, 
  1250, 27.493, 17.029,  9.581,  5.972,  4.889,  4.796,  4.609,  4.625,  4.542,  5.048,  6.756, 19.190, 54.419, 


votes sampled: N=50000 theta=0.54 
     d, -0.200, -0.100, -0.050, -0.025, -0.010, -0.005,  0.000,  0.005,  0.010,  0.025,  0.050,  0.100,  0.200, 
    10,   1252,   1275,   1248,   1268,   1279,   1246,   1289,   1325,   1287,   1317,   1263,   1310,   1572, 
    50,   1448,   1261,   1236,   1172,   1168,   1102,   1220,   1144,   1142,   1159,   1267,   1373,   2146, 
   250,   2562,   1790,   1411,   1174,   1063,   1043,   1064,   1016,   1008,   1086,   1153,   1840,   5746, 
  1250,   6860,   3804,   2103,   1253,    960,    960,    957,    927,    987,    995,   1515,   4624,  16672, 

pct votes sampled: N=50000 theta=0.54 
     d, -0.200, -0.100, -0.050, -0.025, -0.010, -0.005,  0.000,  0.005,  0.010,  0.025,  0.050,  0.100,  0.200, 
    10,  2.505,  2.551,  2.497,  2.537,  2.558,  2.493,  2.578,  2.651,  2.574,  2.635,  2.528,  2.621,  3.145, 
    50,  2.898,  2.524,  2.474,  2.345,  2.337,  2.206,  2.441,  2.290,  2.285,  2.319,  2.536,  2.747,  4.293, 
   250,  5.124,  3.582,  2.824,  2.350,  2.127,  2.087,  2.128,  2.032,  2.017,  2.173,  2.307,  3.682, 11.493, 
  1250, 13.722,  7.609,  4.208,  2.506,  1.921,  1.920,  1.914,  1.854,  1.976,  1.991,  3.032,  9.249, 33.345, 


votes sampled: N=1000 theta=0.55 
     d, -0.200, -0.100, -0.050, -0.025, -0.010, -0.005,  0.000,  0.005,  0.010,  0.025,  0.050,  0.100,  0.200, 
    10,    406,    400,    397,    391,    388,    394,    409,    396,    397,    397,    398,    398,    435, 
    50,    475,    427,    408,    384,    380,    370,    379,    365,    376,    373,    374,    392,    502, 
   250,    619,    514,    439,    393,    365,    364,    347,    349,    349,    339,    350,    423,    650, 
  1250,    756,    633,    490,    393,    365,    350,    338,    346,    331,    338,    340,    505,    783, 

pct votes sampled: N=1000 theta=0.55 
     d, -0.200, -0.100, -0.050, -0.025, -0.010, -0.005,  0.000,  0.005,  0.010,  0.025,  0.050,  0.100,  0.200, 
    10, 40.635, 40.021, 39.708, 39.172, 38.881, 39.476, 40.905, 39.651, 39.708, 39.702, 39.883, 39.894, 43.585, 
    50, 47.532, 42.788, 40.867, 38.415, 38.041, 37.065, 37.940, 36.505, 37.687, 37.383, 37.425, 39.223, 50.268, 
   250, 61.968, 51.407, 43.953, 39.354, 36.532, 36.424, 34.724, 34.946, 34.907, 33.918, 35.038, 42.332, 65.018, 
  1250, 75.691, 63.305, 49.070, 39.343, 36.524, 35.051, 33.834, 34.612, 33.156, 33.801, 34.033, 50.570, 78.336, 


votes sampled: N=5000 theta=0.55 
     d, -0.200, -0.100, -0.050, -0.025, -0.010, -0.005,  0.000,  0.005,  0.010,  0.025,  0.050,  0.100,  0.200, 
    10,    709,    681,    668,    653,    673,    664,    656,    669,    663,    653,    664,    692,    806, 
    50,    801,    703,    654,    627,    623,    607,    604,    609,    597,    616,    612,    685,   1043, 
   250,   1366,    993,    722,    613,    574,    581,    557,    568,    551,    548,    622,    870,   1956, 
  1250,   2470,   1660,    972,    615,    532,    526,    518,    512,    527,    544,    643,   1413,   3275, 

pct votes sampled: N=5000 theta=0.55 
     d, -0.200, -0.100, -0.050, -0.025, -0.010, -0.005,  0.000,  0.005,  0.010,  0.025,  0.050,  0.100,  0.200, 
    10, 14.200, 13.625, 13.367, 13.070, 13.476, 13.289, 13.128, 13.388, 13.270, 13.063, 13.291, 13.850, 16.127, 
    50, 16.039, 14.062, 13.099, 12.553, 12.475, 12.158, 12.096, 12.188, 11.943, 12.324, 12.249, 13.711, 20.868, 
   250, 27.322, 19.863, 14.446, 12.264, 11.481, 11.631, 11.156, 11.364, 11.025, 10.967, 12.446, 17.401, 39.122, 
  1250, 49.418, 33.201, 19.455, 12.312, 10.650, 10.536, 10.369, 10.247, 10.550, 10.894, 12.877, 28.278, 65.512, 


votes sampled: N=10000 theta=0.55 
     d, -0.200, -0.100, -0.050, -0.025, -0.010, -0.005,  0.000,  0.005,  0.010,  0.025,  0.050,  0.100,  0.200, 
    10,    758,    733,    757,    738,    744,    744,    716,    698,    734,    764,    758,    777,    862, 
    50,    906,    762,    697,    701,    675,    680,    635,    645,    681,    681,    678,    747,   1160, 
   250,   1581,   1086,    808,    696,    632,    606,    624,    590,    618,    598,    667,    983,   2625, 
  1250,   3464,   2105,   1096,    709,    598,    572,    546,    571,    556,    610,    780,   1925,   5636, 

pct votes sampled: N=10000 theta=0.55 
     d, -0.200, -0.100, -0.050, -0.025, -0.010, -0.005,  0.000,  0.005,  0.010,  0.025,  0.050,  0.100,  0.200, 
    10,  7.586,  7.331,  7.575,  7.385,  7.440,  7.446,  7.166,  6.980,  7.350,  7.643,  7.584,  7.780,  8.629, 
    50,  9.061,  7.628,  6.972,  7.018,  6.760,  6.804,  6.352,  6.459,  6.818,  6.811,  6.786,  7.476, 11.606, 
   250, 15.818, 10.865,  8.080,  6.968,  6.326,  6.060,  6.241,  5.908,  6.182,  5.982,  6.672,  9.839, 26.256, 
  1250, 34.645, 21.057, 10.965,  7.098,  5.982,  5.725,  5.469,  5.714,  5.563,  6.109,  7.809, 19.257, 56.364, 


votes sampled: N=20000 theta=0.55 
     d, -0.200, -0.100, -0.050, -0.025, -0.010, -0.005,  0.000,  0.005,  0.010,  0.025,  0.050,  0.100,  0.200, 
    10,    779,    787,    788,    796,    780,    776,    797,    766,    753,    831,    794,    800,    944, 
    50,    972,    833,    748,    740,    696,    691,    705,    682,    703,    690,    728,    846,   1282, 
   250,   1778,   1181,    835,    707,    647,    633,    604,    641,    598,    687,    693,   1102,   3182, 
  1250,   4357,   2428,   1198,    704,    609,    595,    586,    595,    596,    652,    802,   2400,   8368, 

pct votes sampled: N=20000 theta=0.55 
     d, -0.200, -0.100, -0.050, -0.025, -0.010, -0.005,  0.000,  0.005,  0.010,  0.025,  0.050,  0.100,  0.200, 
    10,  3.897,  3.935,  3.944,  3.985,  3.903,  3.880,  3.990,  3.832,  3.768,  4.157,  3.970,  4.000,  4.721, 
    50,  4.865,  4.169,  3.743,  3.704,  3.483,  3.457,  3.528,  3.414,  3.516,  3.451,  3.640,  4.230,  6.412, 
   250,  8.892,  5.908,  4.178,  3.535,  3.239,  3.168,  3.021,  3.207,  2.992,  3.438,  3.468,  5.510, 15.915, 
  1250, 21.788, 12.143,  5.993,  3.520,  3.045,  2.979,  2.935,  2.975,  2.983,  3.264,  4.012, 12.002, 41.844, 


votes sampled: N=50000 theta=0.55 
     d, -0.200, -0.100, -0.050, -0.025, -0.010, -0.005,  0.000,  0.005,  0.010,  0.025,  0.050,  0.100,  0.200, 
    10,    828,    826,    826,    823,    805,    832,    849,    832,    826,    829,    809,    834,   1025, 
    50,   1036,    885,    815,    772,    711,    765,    746,    747,    726,    717,    787,    864,   1370, 
   250,   1897,   1243,    918,    713,    672,    677,    623,    654,    672,    635,    749,   1192,   3672, 
  1250,   5098,   2665,   1244,    743,    622,    607,    612,    616,    585,    687,    913,   2666,  12381, 

pct votes sampled: N=50000 theta=0.55 
     d, -0.200, -0.100, -0.050, -0.025, -0.010, -0.005,  0.000,  0.005,  0.010,  0.025,  0.050,  0.100,  0.200, 
    10,  1.658,  1.653,  1.653,  1.647,  1.611,  1.665,  1.699,  1.665,  1.653,  1.660,  1.619,  1.670,  2.051, 
    50,  2.073,  1.770,  1.631,  1.545,  1.422,  1.531,  1.493,  1.494,  1.453,  1.434,  1.574,  1.730,  2.742, 
   250,  3.795,  2.488,  1.836,  1.427,  1.345,  1.356,  1.248,  1.310,  1.346,  1.271,  1.498,  2.386,  7.345, 
  1250, 10.197,  5.332,  2.490,  1.487,  1.244,  1.215,  1.225,  1.232,  1.172,  1.374,  1.827,  5.333, 24.764, 


votes sampled: N=1000 theta=0.575 
     d, -0.200, -0.100, -0.050, -0.025, -0.010, -0.005,  0.000,  0.005,  0.010,  0.025,  0.050,  0.100,  0.200, 
    10,    257,    241,    236,    234,    239,    239,    234,    237,    233,    236,    234,    244,    265, 
    50,    315,    262,    236,    224,    220,    217,    215,    215,    210,    216,    218,    230,    311, 
   250,    467,    337,    250,    221,    210,    212,    203,    202,    204,    190,    210,    255,    460, 
  1250,    628,    442,    275,    223,    204,    201,    194,    198,    200,    196,    208,    300,    621, 

pct votes sampled: N=1000 theta=0.575 
     d, -0.200, -0.100, -0.050, -0.025, -0.010, -0.005,  0.000,  0.005,  0.010,  0.025,  0.050,  0.100,  0.200, 
    10, 25.789, 24.159, 23.671, 23.414, 23.902, 23.961, 23.412, 23.742, 23.360, 23.617, 23.468, 24.416, 26.514, 
    50, 31.600, 26.259, 23.665, 22.405, 22.042, 21.789, 21.539, 21.540, 21.025, 21.629, 21.834, 23.023, 31.110, 
   250, 46.715, 33.788, 25.096, 22.135, 21.004, 21.260, 20.397, 20.239, 20.464, 19.034, 21.041, 25.588, 46.004, 
  1250, 62.868, 44.242, 27.553, 22.396, 20.421, 20.188, 19.467, 19.827, 20.020, 19.655, 20.855, 30.017, 62.127, 


votes sampled: N=5000 theta=0.575 
     d, -0.200, -0.100, -0.050, -0.025, -0.010, -0.005,  0.000,  0.005,  0.010,  0.025,  0.050,  0.100,  0.200, 
    10,    339,    332,    336,    319,    325,    317,    319,    317,    318,    321,    312,    333,    364, 
    50,    440,    366,    322,    291,    282,    287,    281,    272,    289,    273,    282,    320,    495, 
   250,    826,    508,    339,    276,    267,    267,    269,    254,    254,    252,    285,    381,   1096, 
  1250,   1742,    910,    368,    282,    251,    250,    255,    253,    257,    265,    321,    572,   2217, 

pct votes sampled: N=5000 theta=0.575 
     d, -0.200, -0.100, -0.050, -0.025, -0.010, -0.005,  0.000,  0.005,  0.010,  0.025,  0.050,  0.100,  0.200, 
    10,  6.794,  6.660,  6.720,  6.390,  6.503,  6.342,  6.387,  6.349,  6.375,  6.422,  6.257,  6.661,  7.293, 
    50,  8.803,  7.334,  6.444,  5.831,  5.643,  5.759,  5.639,  5.457,  5.800,  5.475,  5.647,  6.402,  9.912, 
   250, 16.535, 10.177,  6.796,  5.535,  5.343,  5.349,  5.393,  5.097,  5.095,  5.040,  5.709,  7.621, 21.930, 
  1250, 34.840, 18.201,  7.376,  5.640,  5.022,  5.015,  5.118,  5.061,  5.158,  5.304,  6.427, 11.451, 44.342, 


votes sampled: N=10000 theta=0.575 
     d, -0.200, -0.100, -0.050, -0.025, -0.010, -0.005,  0.000,  0.005,  0.010,  0.025,  0.050,  0.100,  0.200, 
    10,    363,    349,    330,    341,    337,    342,    328,    333,    321,    329,    335,    350,    392, 
    50,    465,    375,    328,    298,    308,    312,    305,    303,    296,    304,    284,    331,    561, 
   250,    916,    551,    345,    293,    278,    288,    273,    271,    275,    269,    301,    431,   1260, 
  1250,   2245,   1044,    396,    287,    275,    256,    273,    255,    268,    283,    346,    693,   3431, 

pct votes sampled: N=10000 theta=0.575 
     d, -0.200, -0.100, -0.050, -0.025, -0.010, -0.005,  0.000,  0.005,  0.010,  0.025,  0.050,  0.100,  0.200, 
    10,  3.634,  3.499,  3.307,  3.413,  3.375,  3.430,  3.285,  3.332,  3.211,  3.297,  3.356,  3.506,  3.929, 
    50,  4.658,  3.751,  3.290,  2.981,  3.089,  3.128,  3.054,  3.036,  2.967,  3.044,  2.845,  3.318,  5.612, 
   250,  9.161,  5.513,  3.459,  2.939,  2.786,  2.881,  2.735,  2.715,  2.755,  2.698,  3.018,  4.315, 12.601, 
  1250, 22.458, 10.445,  3.967,  2.875,  2.754,  2.567,  2.736,  2.557,  2.684,  2.836,  3.460,  6.936, 34.316, 


votes sampled: N=20000 theta=0.575 
     d, -0.200, -0.100, -0.050, -0.025, -0.010, -0.005,  0.000,  0.005,  0.010,  0.025,  0.050,  0.100,  0.200, 
    10,    387,    356,    346,    337,    350,    342,    348,    354,    356,    334,    345,    348,    396, 
    50,    470,    388,    344,    317,    308,    307,    305,    324,    309,    301,    307,    352,    545, 
   250,    961,    556,    349,    302,    277,    287,    279,    272,    279,    287,    312,    442,   1340, 
  1250,   2632,   1149,    404,    295,    266,    281,    267,    266,    262,    278,    342,    823,   4560, 

pct votes sampled: N=20000 theta=0.575 
     d, -0.200, -0.100, -0.050, -0.025, -0.010, -0.005,  0.000,  0.005,  0.010,  0.025,  0.050,  0.100,  0.200, 
    10,  1.937,  1.784,  1.735,  1.689,  1.754,  1.714,  1.741,  1.772,  1.784,  1.672,  1.728,  1.741,  1.983, 
    50,  2.350,  1.941,  1.724,  1.586,  1.544,  1.536,  1.526,  1.625,  1.548,  1.507,  1.536,  1.762,  2.729, 
   250,  4.807,  2.783,  1.748,  1.513,  1.390,  1.436,  1.396,  1.361,  1.395,  1.437,  1.561,  2.212,  6.704, 
  1250, 13.161,  5.745,  2.023,  1.479,  1.334,  1.406,  1.339,  1.332,  1.312,  1.394,  1.712,  4.118, 22.803, 


votes sampled: N=50000 theta=0.575 
     d, -0.200, -0.100, -0.050, -0.025, -0.010, -0.005,  0.000,  0.005,  0.010,  0.025,  0.050,  0.100,  0.200, 
    10,    388,    357,    345,    346,    336,    366,    350,    337,    345,    354,    364,    369,    430, 
    50,    502,    396,    337,    317,    333,    296,    324,    308,    316,    304,    309,    353,    558, 
   250,    992,    582,    372,    291,    287,    286,    274,    267,    288,    275,    321,    454,   1465, 
  1250,   2976,   1210,    418,    296,    272,    260,    270,    265,    278,    284,    386,    804,   5718, 

pct votes sampled: N=50000 theta=0.575 
     d, -0.200, -0.100, -0.050, -0.025, -0.010, -0.005,  0.000,  0.005,  0.010,  0.025,  0.050,  0.100,  0.200, 
    10,  0.778,  0.715,  0.691,  0.694,  0.673,  0.734,  0.700,  0.676,  0.691,  0.708,  0.730,  0.739,  0.860, 
    50,  1.004,  0.793,  0.674,  0.635,  0.666,  0.593,  0.649,  0.617,  0.633,  0.609,  0.620,  0.707,  1.118, 
   250,  1.985,  1.165,  0.744,  0.583,  0.575,  0.574,  0.549,  0.536,  0.576,  0.551,  0.643,  0.908,  2.931, 
  1250,  5.954,  2.421,  0.838,  0.593,  0.545,  0.522,  0.542,  0.531,  0.556,  0.568,  0.773,  1.608, 11.436, 


votes sampled: N=1000 theta=0.6 
     d, -0.200, -0.100, -0.050, -0.025, -0.010, -0.005,  0.000,  0.005,  0.010,  0.025,  0.050,  0.100,  0.200, 
    10,    171,    159,    157,    151,    151,    147,    152,    148,    157,    148,    146,    153,    170, 
    50,    221,    173,    151,    145,    141,    133,    135,    135,    136,    133,    132,    143,    214, 
   250,    346,    219,    148,    140,    128,    129,    124,    128,    126,    126,    132,    156,    323, 
  1250,    509,    279,    156,    135,    129,    127,    121,    127,    128,    127,    139,    184,    484, 

pct votes sampled: N=1000 theta=0.6 
     d, -0.200, -0.100, -0.050, -0.025, -0.010, -0.005,  0.000,  0.005,  0.010,  0.025,  0.050,  0.100,  0.200, 
    10, 17.129, 15.980, 15.755, 15.187, 15.171, 14.708, 15.278, 14.847, 15.793, 14.820, 14.661, 15.349, 17.012, 
    50, 22.107, 17.363, 15.176, 14.592, 14.139, 13.375, 13.586, 13.526, 13.611, 13.355, 13.239, 14.309, 21.429, 
   250, 34.665, 21.963, 14.818, 14.044, 12.816, 12.923, 12.408, 12.823, 12.633, 12.651, 13.236, 15.649, 32.396, 
  1250, 50.990, 27.929, 15.656, 13.576, 12.949, 12.768, 12.166, 12.752, 12.803, 12.746, 13.990, 18.495, 48.479, 


votes sampled: N=5000 theta=0.6 
     d, -0.200, -0.100, -0.050, -0.025, -0.010, -0.005,  0.000,  0.005,  0.010,  0.025,  0.050,  0.100,  0.200, 
    10,    203,    195,    189,    179,    184,    179,    186,    177,    182,    181,    171,    191,    208, 
    50,    270,    210,    177,    166,    159,    160,    164,    159,    156,    159,    164,    176,    279, 
   250,    544,    281,    176,    155,    151,    149,    148,    153,    151,    148,    151,    209,    607, 
  1250,   1230,    441,    188,    159,    153,    153,    142,    147,    139,    151,    169,    311,   1503, 

pct votes sampled: N=5000 theta=0.6 
     d, -0.200, -0.100, -0.050, -0.025, -0.010, -0.005,  0.000,  0.005,  0.010,  0.025,  0.050,  0.100,  0.200, 
    10,  4.061,  3.901,  3.784,  3.586,  3.691,  3.594,  3.724,  3.544,  3.659,  3.621,  3.426,  3.827,  4.162, 
    50,  5.404,  4.216,  3.547,  3.324,  3.194,  3.202,  3.297,  3.191,  3.126,  3.194,  3.282,  3.521,  5.596, 
   250, 10.891,  5.621,  3.528,  3.116,  3.034,  2.992,  2.963,  3.076,  3.029,  2.973,  3.020,  4.198, 12.157, 
  1250, 24.608,  8.835,  3.777,  3.192,  3.071,  3.066,  2.841,  2.958,  2.786,  3.039,  3.396,  6.236, 30.077, 


votes sampled: N=10000 theta=0.6 
     d, -0.200, -0.100, -0.050, -0.025, -0.010, -0.005,  0.000,  0.005,  0.010,  0.025,  0.050,  0.100,  0.200, 
    10,    207,    185,    191,    184,    187,    190,    182,    189,    192,    191,    188,    193,    205, 
    50,    286,    221,    177,    174,    174,    163,    166,    169,    161,    166,    171,    184,    287, 
   250,    579,    290,    184,    162,    150,    158,    151,    153,    158,    153,    163,    239,    663, 
  1250,   1504,    486,    192,    154,    147,    147,    149,    150,    157,    155,    170,    343,   1949, 

pct votes sampled: N=10000 theta=0.6 
     d, -0.200, -0.100, -0.050, -0.025, -0.010, -0.005,  0.000,  0.005,  0.010,  0.025,  0.050,  0.100,  0.200, 
    10,  2.079,  1.856,  1.917,  1.841,  1.872,  1.905,  1.826,  1.892,  1.928,  1.912,  1.885,  1.936,  2.057, 
    50,  2.865,  2.219,  1.778,  1.745,  1.740,  1.632,  1.661,  1.698,  1.616,  1.663,  1.713,  1.850,  2.872, 
   250,  5.792,  2.904,  1.846,  1.622,  1.507,  1.590,  1.516,  1.535,  1.582,  1.536,  1.634,  2.394,  6.637, 
  1250, 15.047,  4.861,  1.922,  1.543,  1.475,  1.477,  1.499,  1.501,  1.580,  1.556,  1.701,  3.440, 19.493, 


votes sampled: N=20000 theta=0.6 
     d, -0.200, -0.100, -0.050, -0.025, -0.010, -0.005,  0.000,  0.005,  0.010,  0.025,  0.050,  0.100,  0.200, 
    10,    214,    195,    192,    197,    198,    182,    193,    187,    201,    182,    187,    196,    226, 
    50,    291,    212,    184,    178,    166,    167,    176,    163,    173,    171,    164,    195,    304, 
   250,    606,    303,    187,    166,    150,    162,    152,    155,    151,    154,    174,    224,    733, 
  1250,   1700,    508,    196,    162,    146,    153,    153,    148,    158,    157,    194,    354,   2518, 

pct votes sampled: N=20000 theta=0.6 
     d, -0.200, -0.100, -0.050, -0.025, -0.010, -0.005,  0.000,  0.005,  0.010,  0.025,  0.050,  0.100,  0.200, 
    10,  1.074,  0.979,  0.960,  0.987,  0.994,  0.911,  0.966,  0.936,  1.010,  0.914,  0.937,  0.981,  1.130, 
    50,  1.455,  1.062,  0.925,  0.894,  0.832,  0.836,  0.881,  0.819,  0.869,  0.857,  0.823,  0.980,  1.523, 
   250,  3.033,  1.519,  0.939,  0.830,  0.752,  0.810,  0.761,  0.779,  0.758,  0.774,  0.872,  1.124,  3.666, 
  1250,  8.501,  2.544,  0.982,  0.814,  0.733,  0.766,  0.769,  0.742,  0.791,  0.786,  0.971,  1.772, 12.590, 


votes sampled: N=50000 theta=0.6 
     d, -0.200, -0.100, -0.050, -0.025, -0.010, -0.005,  0.000,  0.005,  0.010,  0.025,  0.050,  0.100,  0.200, 
    10,    214,    204,    206,    192,    186,    185,    193,    195,    190,    192,    191,    189,    230, 
    50,    295,    215,    186,    176,    170,    169,    172,    164,    170,    170,    168,    197,    309, 
   250,    613,    299,    185,    164,    161,    157,    153,    162,    158,    162,    174,    241,    767, 
  1250,   1843,    520,    196,    163,    161,    157,    149,    158,    155,    159,    187,    372,   2958, 

pct votes sampled: N=50000 theta=0.6 
     d, -0.200, -0.100, -0.050, -0.025, -0.010, -0.005,  0.000,  0.005,  0.010,  0.025,  0.050,  0.100,  0.200, 
    10,  0.428,  0.410,  0.412,  0.386,  0.373,  0.371,  0.386,  0.391,  0.382,  0.384,  0.384,  0.380,  0.461, 
    50,  0.590,  0.431,  0.374,  0.352,  0.340,  0.340,  0.345,  0.329,  0.341,  0.341,  0.337,  0.394,  0.618, 
   250,  1.227,  0.599,  0.370,  0.329,  0.323,  0.314,  0.307,  0.325,  0.316,  0.324,  0.350,  0.483,  1.535, 
  1250,  3.687,  1.041,  0.394,  0.327,  0.323,  0.316,  0.299,  0.316,  0.310,  0.318,  0.374,  0.744,  5.918, 


votes sampled: N=1000 theta=0.65 
     d, -0.200, -0.100, -0.050, -0.025, -0.010, -0.005,  0.000,  0.005,  0.010,  0.025,  0.050,  0.100,  0.200, 
    10,     84,     76,     76,     74,     72,     70,     71,     70,     72,     70,     72,     75,     83, 
    50,    117,     81,     68,     69,     65,     67,     65,     63,     65,     67,     67,     68,    103, 
   250,    194,     89,     71,     64,     65,     65,     61,     60,     62,     63,     64,     78,    162, 
  1250,    310,     98,     69,     64,     64,     63,     61,     61,     63,     62,     64,     87,    252, 

pct votes sampled: N=1000 theta=0.65 
     d, -0.200, -0.100, -0.050, -0.025, -0.010, -0.005,  0.000,  0.005,  0.010,  0.025,  0.050,  0.100,  0.200, 
    10,  8.407,  7.651,  7.633,  7.462,  7.273,  7.068,  7.181,  7.040,  7.230,  7.065,  7.277,  7.548,  8.344, 
    50, 11.795,  8.180,  6.880,  6.911,  6.517,  6.739,  6.597,  6.389,  6.533,  6.705,  6.737,  6.836, 10.354, 
   250, 19.413,  8.920,  7.107,  6.490,  6.504,  6.557,  6.127,  6.012,  6.296,  6.383,  6.423,  7.869, 16.241, 
  1250, 31.016,  9.883,  6.997,  6.493,  6.424,  6.346,  6.191,  6.156,  6.320,  6.272,  6.477,  8.714, 25.282, 


votes sampled: N=5000 theta=0.65 
     d, -0.200, -0.100, -0.050, -0.025, -0.010, -0.005,  0.000,  0.005,  0.010,  0.025,  0.050,  0.100,  0.200, 
    10,     94,     86,     80,     77,     81,     78,     79,     78,     79,     79,     80,     79,     96, 
    50,    131,     87,     77,     70,     73,     70,     70,     71,     68,     69,     71,     80,    122, 
   250,    257,     98,     74,     70,     67,     67,     65,     67,     66,     72,     68,     91,    235, 
  1250,    594,    109,     76,     71,     68,     68,     65,     68,     69,     70,     75,    106,    591, 

pct votes sampled: N=5000 theta=0.65 
     d, -0.200, -0.100, -0.050, -0.025, -0.010, -0.005,  0.000,  0.005,  0.010,  0.025,  0.050,  0.100,  0.200, 
    10,  1.889,  1.740,  1.605,  1.559,  1.620,  1.570,  1.586,  1.569,  1.595,  1.589,  1.611,  1.593,  1.935, 
    50,  2.621,  1.757,  1.543,  1.419,  1.474,  1.412,  1.405,  1.424,  1.371,  1.387,  1.430,  1.602,  2.451, 
   250,  5.154,  1.964,  1.494,  1.407,  1.349,  1.341,  1.307,  1.345,  1.321,  1.447,  1.360,  1.831,  4.702, 
  1250, 11.887,  2.196,  1.521,  1.439,  1.370,  1.361,  1.302,  1.376,  1.398,  1.418,  1.506,  2.127, 11.822, 


votes sampled: N=10000 theta=0.65 
     d, -0.200, -0.100, -0.050, -0.025, -0.010, -0.005,  0.000,  0.005,  0.010,  0.025,  0.050,  0.100,  0.200, 
    10,     98,     82,     79,     76,     81,     77,     78,     80,     81,     76,     80,     79,     94, 
    50,    133,     92,     77,     75,     72,     72,     73,     70,     70,     73,     71,     78,    119, 
   250,    269,    101,     74,     68,     67,     68,     69,     69,     63,     70,     70,     94,    264, 
  1250,    677,    112,     74,     72,     67,     70,     68,     66,     64,     72,     71,    100,    712, 

pct votes sampled: N=10000 theta=0.65 
     d, -0.200, -0.100, -0.050, -0.025, -0.010, -0.005,  0.000,  0.005,  0.010,  0.025,  0.050,  0.100,  0.200, 
    10,  0.989,  0.823,  0.794,  0.764,  0.820,  0.777,  0.784,  0.806,  0.812,  0.767,  0.801,  0.793,  0.949, 
    50,  1.338,  0.929,  0.779,  0.759,  0.723,  0.727,  0.736,  0.709,  0.705,  0.734,  0.712,  0.785,  1.195, 
   250,  2.691,  1.013,  0.741,  0.687,  0.673,  0.685,  0.694,  0.698,  0.640,  0.704,  0.707,  0.944,  2.649, 
  1250,  6.772,  1.130,  0.742,  0.723,  0.676,  0.701,  0.684,  0.662,  0.647,  0.722,  0.720,  1.007,  7.121, 


votes sampled: N=20000 theta=0.65 
     d, -0.200, -0.100, -0.050, -0.025, -0.010, -0.005,  0.000,  0.005,  0.010,  0.025,  0.050,  0.100,  0.200, 
    10,     93,     86,     81,     80,     80,     82,     76,     79,     78,     81,     80,     79,    100, 
    50,    134,     90,     76,     76,     72,     72,     74,     70,     73,     70,     76,     75,    127, 
   250,    272,    103,     74,     73,     69,     67,     70,     68,     67,     66,     71,     87,    268, 
  1250,    724,    115,     78,     69,     68,     68,     68,     69,     67,     69,     72,    102,    802, 

pct votes sampled: N=20000 theta=0.65 
     d, -0.200, -0.100, -0.050, -0.025, -0.010, -0.005,  0.000,  0.005,  0.010,  0.025,  0.050,  0.100,  0.200, 
    10,  0.470,  0.433,  0.409,  0.403,  0.405,  0.412,  0.384,  0.398,  0.393,  0.410,  0.402,  0.395,  0.502, 
    50,  0.672,  0.455,  0.381,  0.384,  0.364,  0.362,  0.371,  0.351,  0.368,  0.354,  0.381,  0.377,  0.636, 
   250,  1.360,  0.516,  0.375,  0.366,  0.347,  0.340,  0.355,  0.344,  0.339,  0.331,  0.360,  0.439,  1.345, 
  1250,  3.622,  0.577,  0.390,  0.348,  0.345,  0.340,  0.340,  0.348,  0.336,  0.348,  0.364,  0.515,  4.011, 


votes sampled: N=50000 theta=0.65 
     d, -0.200, -0.100, -0.050, -0.025, -0.010, -0.005,  0.000,  0.005,  0.010,  0.025,  0.050,  0.100,  0.200, 
    10,     93,     85,     81,     82,     77,     85,     83,     82,     79,     78,     79,     82,     91, 
    50,    136,     89,     78,     72,     71,     70,     74,     75,     72,     71,     72,     76,    123, 
   250,    274,    102,     75,     71,     68,     69,     67,     66,     70,     67,     74,     92,    272, 
  1250,    767,    114,     76,     70,     68,     68,     68,     68,     67,     68,     77,    113,    858, 

pct votes sampled: N=50000 theta=0.65 
     d, -0.200, -0.100, -0.050, -0.025, -0.010, -0.005,  0.000,  0.005,  0.010,  0.025,  0.050,  0.100,  0.200, 
    10,  0.187,  0.172,  0.163,  0.166,  0.156,  0.172,  0.166,  0.165,  0.158,  0.158,  0.159,  0.165,  0.184, 
    50,  0.274,  0.178,  0.157,  0.146,  0.144,  0.141,  0.148,  0.150,  0.145,  0.144,  0.144,  0.154,  0.247, 
   250,  0.549,  0.205,  0.151,  0.143,  0.138,  0.139,  0.135,  0.134,  0.142,  0.135,  0.149,  0.185,  0.546, 
  1250,  1.535,  0.230,  0.153,  0.141,  0.137,  0.137,  0.136,  0.137,  0.136,  0.137,  0.155,  0.228,  1.717, 


votes sampled: N=1000 theta=0.7 
     d, -0.200, -0.100, -0.050, -0.025, -0.010, -0.005,  0.000,  0.005,  0.010,  0.025,  0.050,  0.100,  0.200, 
    10,     49,     44,     41,     39,     40,     41,     41,     38,     41,     39,     41,     41,     48, 
    50,     65,     44,     40,     36,     36,     38,     37,     37,     39,     36,     39,     41,     59, 
   250,    100,     47,     38,     37,     36,     36,     37,     35,     37,     36,     38,     45,     91, 
  1250,    145,     47,     38,     36,     37,     36,     34,     36,     35,     37,     37,     47,    146, 

pct votes sampled: N=1000 theta=0.7 
     d, -0.200, -0.100, -0.050, -0.025, -0.010, -0.005,  0.000,  0.005,  0.010,  0.025,  0.050,  0.100,  0.200, 
    10,  4.962,  4.488,  4.193,  3.911,  4.074,  4.105,  4.197,  3.802,  4.115,  3.951,  4.152,  4.157,  4.850, 
    50,  6.596,  4.471,  4.041,  3.688,  3.627,  3.835,  3.720,  3.722,  3.906,  3.626,  3.902,  4.132,  5.965, 
   250, 10.059,  4.705,  3.882,  3.719,  3.655,  3.607,  3.741,  3.595,  3.719,  3.622,  3.843,  4.588,  9.175, 
  1250, 14.587,  4.752,  3.876,  3.637,  3.733,  3.602,  3.472,  3.662,  3.581,  3.765,  3.729,  4.764, 14.612, 


votes sampled: N=5000 theta=0.7 
     d, -0.200, -0.100, -0.050, -0.025, -0.010, -0.005,  0.000,  0.005,  0.010,  0.025,  0.050,  0.100,  0.200, 
    10,     53,     44,     45,     43,     43,     43,     42,     42,     42,     43,     43,     45,     49, 
    50,     71,     46,     40,     40,     37,     40,     38,     38,     38,     39,     39,     43,     69, 
   250,    117,     48,     40,     40,     38,     37,     38,     37,     38,     39,     41,     47,    131, 
  1250,    210,     49,     40,     37,     39,     39,     38,     37,     38,     40,     40,     52,    280, 

pct votes sampled: N=5000 theta=0.7 
     d, -0.200, -0.100, -0.050, -0.025, -0.010, -0.005,  0.000,  0.005,  0.010,  0.025,  0.050,  0.100,  0.200, 
    10,  1.074,  0.886,  0.902,  0.865,  0.863,  0.861,  0.851,  0.858,  0.859,  0.863,  0.869,  0.901,  0.981, 
    50,  1.434,  0.920,  0.807,  0.801,  0.756,  0.813,  0.774,  0.775,  0.770,  0.795,  0.794,  0.861,  1.387, 
   250,  2.360,  0.962,  0.813,  0.805,  0.776,  0.740,  0.760,  0.746,  0.772,  0.792,  0.837,  0.943,  2.627, 
  1250,  4.208,  0.998,  0.809,  0.746,  0.781,  0.792,  0.773,  0.744,  0.762,  0.811,  0.817,  1.056,  5.600, 


votes sampled: N=10000 theta=0.7 
     d, -0.200, -0.100, -0.050, -0.025, -0.010, -0.005,  0.000,  0.005,  0.010,  0.025,  0.050,  0.100,  0.200, 
    10,     55,     44,     44,     42,     42,     43,     43,     43,     43,     42,     44,     44,     53, 
    50,     71,     47,     41,     39,     39,     39,     40,     38,     39,     40,     40,     42,     66, 
   250,    119,     50,     40,     38,     39,     38,     38,     39,     37,     37,     40,     50,    118, 
  1250,    226,     50,     40,     36,     37,     36,     37,     38,     36,     38,     41,     57,    302, 

pct votes sampled: N=10000 theta=0.7 
     d, -0.200, -0.100, -0.050, -0.025, -0.010, -0.005,  0.000,  0.005,  0.010,  0.025,  0.050,  0.100,  0.200, 
    10,  0.554,  0.444,  0.442,  0.424,  0.428,  0.434,  0.433,  0.439,  0.439,  0.429,  0.446,  0.443,  0.536, 
    50,  0.714,  0.474,  0.415,  0.395,  0.399,  0.391,  0.404,  0.382,  0.394,  0.402,  0.401,  0.424,  0.669, 
   250,  1.195,  0.500,  0.409,  0.387,  0.395,  0.383,  0.389,  0.391,  0.375,  0.380,  0.401,  0.504,  1.180, 
  1250,  2.264,  0.509,  0.402,  0.367,  0.380,  0.369,  0.375,  0.381,  0.363,  0.382,  0.414,  0.571,  3.023, 


votes sampled: N=20000 theta=0.7 
     d, -0.200, -0.100, -0.050, -0.025, -0.010, -0.005,  0.000,  0.005,  0.010,  0.025,  0.050,  0.100,  0.200, 
    10,     52,     45,     43,     42,     43,     42,     43,     42,     43,     41,     42,     45,     51, 
    50,     71,     47,     41,     39,     40,     39,     40,     38,     39,     38,     40,     44,     72, 
   250,    121,     49,     41,     39,     39,     38,     38,     38,     38,     37,     40,     49,    131, 
  1250,    232,     50,     41,     39,     39,     39,     40,     38,     39,     40,     43,     56,    326, 

pct votes sampled: N=20000 theta=0.7 
     d, -0.200, -0.100, -0.050, -0.025, -0.010, -0.005,  0.000,  0.005,  0.010,  0.025,  0.050,  0.100,  0.200, 
    10,  0.264,  0.230,  0.219,  0.213,  0.217,  0.213,  0.217,  0.215,  0.216,  0.210,  0.213,  0.225,  0.257, 
    50,  0.357,  0.238,  0.206,  0.198,  0.202,  0.197,  0.203,  0.192,  0.199,  0.193,  0.201,  0.223,  0.361, 
   250,  0.606,  0.246,  0.210,  0.196,  0.196,  0.191,  0.192,  0.194,  0.194,  0.190,  0.202,  0.245,  0.657, 
  1250,  1.162,  0.253,  0.206,  0.197,  0.197,  0.195,  0.202,  0.193,  0.199,  0.201,  0.218,  0.281,  1.633, 


votes sampled: N=50000 theta=0.7 
     d, -0.200, -0.100, -0.050, -0.025, -0.010, -0.005,  0.000,  0.005,  0.010,  0.025,  0.050,  0.100,  0.200, 
    10,     52,     47,     45,     44,     43,     43,     43,     44,     43,     42,     43,     42,     54, 
    50,     71,     45,     41,     40,     41,     39,     39,     38,     41,     39,     40,     46,     68, 
   250,    122,     47,     40,     38,     39,     38,     38,     37,     38,     37,     42,     47,    131, 
  1250,    237,     48,     40,     37,     38,     39,     37,     39,     38,     37,     39,     54,    311, 

pct votes sampled: N=50000 theta=0.7 
     d, -0.200, -0.100, -0.050, -0.025, -0.010, -0.005,  0.000,  0.005,  0.010,  0.025,  0.050,  0.100,  0.200, 
    10,  0.106,  0.094,  0.091,  0.089,  0.087,  0.087,  0.087,  0.090,  0.088,  0.086,  0.087,  0.085,  0.109, 
    50,  0.143,  0.092,  0.083,  0.081,  0.082,  0.078,  0.080,  0.078,  0.082,  0.080,  0.081,  0.092,  0.137, 
   250,  0.245,  0.096,  0.080,  0.078,  0.079,  0.077,  0.076,  0.075,  0.078,  0.076,  0.085,  0.095,  0.263, 
  1250,  0.475,  0.097,  0.082,  0.075,  0.077,  0.078,  0.076,  0.079,  0.077,  0.076,  0.079,  0.109,  0.623, 

> Task :test
BUILD SUCCESSFUL in 1s
4 actionable tasks: 2 executed, 2 up-to-date
8:36:56AM: Execution finished ':test --tests "org.cryptobiotic.rlauxe.core.PlotDiffMeans.plotDiffMeansConcurrent"'.

